480
0 0 -0.250019
-0.095678 0 -0.230987
-0.17679 0 -0.17679
-0.17679 0 -0.17679
-0.230987 0 -0.095678
-0.250019 0 1.53092e-17
-0.250019 0 1.53092e-17
-0.230987 0 0.095678
-0.17679 0 0.17679
-0.17679 0 0.17679
-0.095678 0 0.230987
0 0 0.250019
0 0 0.250019
0.095678 0 0.230987
0.17679 0 0.17679
0.17679 0 0.17679
0.230987 0 0.095678
0.250019 0 1.53092e-17
0.250019 0 1.53092e-17
0.230987 0 -0.095678
0.17679 0 -0.17679
0.17679 0 -0.17679
0.095678 0 -0.230987
0 0 -0.250019
0 -0.0478318 -0.259533
-0.099319 -0.0478318 -0.239777
-0.183518 -0.0478318 -0.183518
-0.183518 -0.0478318 -0.183518
-0.239777 -0.0478318 -0.099319
-0.259533 -0.0478318 1.58918e-17
-0.259533 -0.0478318 1.58918e-17
-0.239777 -0.0478318 0.099319
-0.183518 -0.0478318 0.183518
-0.183518 -0.0478318 0.183518
-0.099319 -0.0478318 0.239777
0 -0.0478318 0.259533
0 -0.0478318 0.259533
0.099319 -0.0478318 0.239777
0.183518 -0.0478318 0.183518
0.183518 -0.0478318 0.183518
0.239777 -0.0478318 0.099319
0.259533 -0.0478318 1.58918e-17
0.259533 -0.0478318 1.58918e-17
0.239777 -0.0478318 -0.099319
0.183518 -0.0478318 -0.183518
0.183518 -0.0478318 -0.183518
0.099319 -0.0478318 -0.239777
0 -0.0478318 -0.259533
0 -0.0883817 -0.286628
-0.109688 -0.0883817 -0.264809
-0.202676 -0.0883817 -0.202676
-0.202676 -0.0883817 -0.202676
-0.264809 -0.0883817 -0.109688
-0.286628 -0.0883817 1.75509e-17
-0.286628 -0.0883817 1.75509e-17
-0.264809 -0.0883817 0.109688
-0.202676 -0.0883817 0.202676
-0.202676 -0.0883817 0.202676
-0.109688 -0.0883817 0.264809
0 -0.0883817 0.286628
0 -0.0883817 0.286628
0.109688 -0.0883817 0.264809
0.202676 -0.0883817 0.202676
0.202676 -0.0883817 0.202676
0.264809 -0.0883817 0.109688
0.286628 -0.0883817 1.75509e-17
0.286628 -0.0883817 1.75509e-17
0.264809 -0.0883817 -0.109688
0.202676 -0.0883817 -0.202676
0.202676 -0.0883817 -0.202676
0.109688 -0.0883817 -0.264809
0 -0.0883817 -0.286628
0 -0.115476 -0.327178
-0.125205 -0.115476 -0.302273
-0.231349 -0.115476 -0.231349
-0.231349 -0.115476 -0.231349
-0.302273 -0.115476 -0.125205
-0.327178 -0.115476 2.00338e-17
-0.327178 -0.115476 2.00338e-17
-0.302273 -0.115476 0.125205
-0.231349 -0.115476 0.231349
-0.231349 -0.115476 0.231349
-0.125205 -0.115476 0.302273
0 -0.115476 0.327178
0 -0.115476 0.327178
0.125205 -0.115476 0.302273
0.231349 -0.115476 0.231349
0.231349 -0.115476 0.231349
0.302273 -0.115476 0.125205
0.327178 -0.115476 2.00338e-17
0.327178 -0.115476 2.00338e-17
0.302273 -0.115476 -0.125205
0.231349 -0.115476 -0.231349
0.231349 -0.115476 -0.231349
0.125205 -0.115476 -0.302273
0 -0.115476 -0.327178
0 -0.124991 -0.375009
-0.14351 -0.124991 -0.346463
-0.265172 -0.124991 -0.265172
-0.265172 -0.124991 -0.265172
-0.346463 -0.124991 -0.14351
-0.375009 -0.124991 2.29627e-17
-0.375009 -0.124991 2.29627e-17
-0.346463 -0.124991 0.14351
-0.265172 -0.124991 0.265172
-0.265172 -0.124991 0.265172
-0.14351 -0.124991 0.346463
0 -0.124991 0.375009
0 -0.124991 0.375009
0.14351 -0.124991 0.346463
0.265172 -0.124991 0.265172
0.265172 -0.124991 0.265172
0.346463 -0.124991 0.14351
0.375009 -0.124991 2.29627e-17
0.375009 -0.124991 2.29627e-17
0.346463 -0.124991 -0.14351
0.265172 -0.124991 -0.265172
0.265172 -0.124991 -0.265172
0.14351 -0.124991 -0.346463
0 -0.124991 -0.375009
0 -0.124991 -0.375009
-0.14351 -0.124991 -0.346463
-0.265172 -0.124991 -0.265172
-0.265172 -0.124991 -0.265172
-0.346463 -0.124991 -0.14351
-0.375009 -0.124991 2.29627e-17
-0.375009 -0.124991 2.29627e-17
-0.346463 -0.124991 0.14351
-0.265172 -0.124991 0.265172
-0.265172 -0.124991 0.265172
-0.14351 -0.124991 0.346463
0 -0.124991 0.375009
0 -0.124991 0.375009
0.14351 -0.124991 0.346463
0.265172 -0.124991 0.265172
0.265172 -0.124991 0.265172
0.346463 -0.124991 0.14351
0.375009 -0.124991 2.29627e-17
0.375009 -0.124991 2.29627e-17
0.346463 -0.124991 -0.14351
0.265172 -0.124991 -0.265172
0.265172 -0.124991 -0.265172
0.14351 -0.124991 -0.346463
0 -0.124991 -0.375009
0 -0.115476 -0.422841
-0.161814 -0.115476 -0.390654
-0.298994 -0.115476 -0.298994
-0.298994 -0.115476 -0.298994
-0.390654 -0.115476 -0.161814
-0.422841 -0.115476 2.58916e-17
-0.422841 -0.115476 2.58916e-17
-0.390654 -0.115476 0.161814
-0.298994 -0.115476 0.298994
-0.298994 -0.115476 0.298994
-0.161814 -0.115476 0.390654
0 -0.115476 0.422841
0 -0.115476 0.422841
0.161814 -0.115476 0.390654
0.298994 -0.115476 0.298994
0.298994 -0.115476 0.298994
0.390654 -0.115476 0.161814
0.422841 -0.115476 2.58916e-17
0.422841 -0.115476 2.58916e-17
0.390654 -0.115476 -0.161814
0.298994 -0.115476 -0.298994
0.298994 -0.115476 -0.298994
0.161814 -0.115476 -0.390654
0 -0.115476 -0.422841
0 -0.0883817 -0.463391
-0.177332 -0.0883817 -0.428118
-0.327667 -0.0883817 -0.327667
-0.327667 -0.0883817 -0.327667
-0.428118 -0.0883817 -0.177332
-0.463391 -0.0883817 2.83745e-17
-0.463391 -0.0883817 2.83745e-17
-0.428118 -0.0883817 0.177332
-0.327667 -0.0883817 0.327667
-0.327667 -0.0883817 0.327667
-0.177332 -0.0883817 0.428118
0 -0.0883817 0.463391
0 -0.0883817 0.463391
0.177332 -0.0883817 0.428118
0.327667 -0.0883817 0.327667
0.327667 -0.0883817 0.327667
0.428118 -0.0883817 0.177332
0.463391 -0.0883817 2.83745e-17
0.463391 -0.0883817 2.83745e-17
0.428118 -0.0883817 -0.177332
0.327667 -0.0883817 -0.327667
0.327667 -0.0883817 -0.327667
0.177332 -0.0883817 -0.428118
0 -0.0883817 -0.463391
0 -0.0478318 -0.490486
-0.187701 -0.0478318 -0.45315
-0.346826 -0.0478318 -0.346826
-0.346826 -0.0478318 -0.346826
-0.45315 -0.0478318 -0.187701
-0.490486 -0.0478318 3.00336e-17
-0.490486 -0.0478318 3.00336e-17
-0.45315 -0.0478318 0.187701
-0.346826 -0.0478318 0.346826
-0.346826 -0.0478318 0.346826
-0.187701 -0.0478318 0.45315
0 -0.0478318 0.490486
0 -0.0478318 0.490486
0.187701 -0.0478318 0.45315
0.346826 -0.0478318 0.346826
0.346826 -0.0478318 0.346826
0.45315 -0.0478318 0.187701
0.490486 -0.0478318 3.00336e-17
0.490486 -0.0478318 3.00336e-17
0.45315 -0.0478318 -0.187701
0.346826 -0.0478318 -0.346826
0.346826 -0.0478318 -0.346826
0.187701 -0.0478318 -0.45315
0 -0.0478318 -0.490486
0 0 -0.5
-0.191342 0 -0.46194
-0.353553 0 -0.353553
-0.353553 0 -0.353553
-0.46194 0 -0.191342
-0.5 0 3.06162e-17
-0.5 0 3.06162e-17
-0.46194 0 0.191342
-0.353553 0 0.353553
-0.353553 0 0.353553
-0.191342 0 0.46194
0 0 0.5
0 0 0.5
0.191342 0 0.46194
0.353553 0 0.353553
0.353553 0 0.353553
0.46194 0 0.191342
0.5 0 3.06162e-17
0.5 0 3.06162e-17
0.46194 0 -0.191342
0.353553 0 -0.353553
0.353553 0 -0.353553
0.191342 0 -0.46194
0 0 -0.5
0 0 -0.5
-0.191342 0 -0.46194
-0.353553 0 -0.353553
-0.353553 0 -0.353553
-0.46194 0 -0.191342
-0.5 0 3.06162e-17
-0.5 0 3.06162e-17
-0.46194 0 0.191342
-0.353553 0 0.353553
-0.353553 0 0.353553
-0.191342 0 0.46194
0 0 0.5
0 0 0.5
0.191342 0 0.46194
0.353553 0 0.353553
0.353553 0 0.353553
0.46194 0 0.191342
0.5 0 3.06162e-17
0.5 0 3.06162e-17
0.46194 0 -0.191342
0.353553 0 -0.353553
0.353553 0 -0.353553
0.191342 0 -0.46194
0 0 -0.5
0 0.0478318 -0.490486
-0.187701 0.0478318 -0.45315
-0.346826 0.0478318 -0.346826
-0.346826 0.0478318 -0.346826
-0.45315 0.0478318 -0.187701
-0.490486 0.0478318 3.00336e-17
-0.490486 0.0478318 3.00336e-17
-0.45315 0.0478318 0.187701
-0.346826 0.0478318 0.346826
-0.346826 0.0478318 0.346826
-0.187701 0.0478318 0.45315
0 0.0478318 0.490486
0 0.0478318 0.490486
0.187701 0.0478318 0.45315
0.346826 0.0478318 0.346826
0.346826 0.0478318 0.346826
0.45315 0.0478318 0.187701
0.490486 0.0478318 3.00336e-17
0.490486 0.0478318 3.00336e-17
0.45315 0.0478318 -0.187701
0.346826 0.0478318 -0.346826
0.346826 0.0478318 -0.346826
0.187701 0.0478318 -0.45315
0 0.0478318 -0.490486
0 0.0883817 -0.463391
-0.177332 0.0883817 -0.428118
-0.327667 0.0883817 -0.327667
-0.327667 0.0883817 -0.327667
-0.428118 0.0883817 -0.177332
-0.463391 0.0883817 2.83745e-17
-0.463391 0.0883817 2.83745e-17
-0.428118 0.0883817 0.177332
-0.327667 0.0883817 0.327667
-0.327667 0.0883817 0.327667
-0.177332 0.0883817 0.428118
0 0.0883817 0.463391
0 0.0883817 0.463391
0.177332 0.0883817 0.428118
0.327667 0.0883817 0.327667
0.327667 0.0883817 0.327667
0.428118 0.0883817 0.177332
0.463391 0.0883817 2.83745e-17
0.463391 0.0883817 2.83745e-17
0.428118 0.0883817 -0.177332
0.327667 0.0883817 -0.327667
0.327667 0.0883817 -0.327667
0.177332 0.0883817 -0.428118
0 0.0883817 -0.463391
0 0.115476 -0.422841
-0.161814 0.115476 -0.390654
-0.298994 0.115476 -0.298994
-0.298994 0.115476 -0.298994
-0.390654 0.115476 -0.161814
-0.422841 0.115476 2.58916e-17
-0.422841 0.115476 2.58916e-17
-0.390654 0.115476 0.161814
-0.298994 0.115476 0.298994
-0.298994 0.115476 0.298994
-0.161814 0.115476 0.390654
0 0.115476 0.422841
0 0.115476 0.422841
0.161814 0.115476 0.390654
0.298994 0.115476 0.298994
0.298994 0.115476 0.298994
0.390654 0.115476 0.161814
0.422841 0.115476 2.58916e-17
0.422841 0.115476 2.58916e-17
0.390654 0.115476 -0.161814
0.298994 0.115476 -0.298994
0.298994 0.115476 -0.298994
0.161814 0.115476 -0.390654
0 0.115476 -0.422841
0 0.124991 -0.375009
-0.14351 0.124991 -0.346463
-0.265172 0.124991 -0.265172
-0.265172 0.124991 -0.265172
-0.346463 0.124991 -0.14351
-0.375009 0.124991 2.29627e-17
-0.375009 0.124991 2.29627e-17
-0.346463 0.124991 0.14351
-0.265172 0.124991 0.265172
-0.265172 0.124991 0.265172
-0.14351 0.124991 0.346463
0 0.124991 0.375009
0 0.124991 0.375009
0.14351 0.124991 0.346463
0.265172 0.124991 0.265172
0.265172 0.124991 0.265172
0.346463 0.124991 0.14351
0.375009 0.124991 2.29627e-17
0.375009 0.124991 2.29627e-17
0.346463 0.124991 -0.14351
0.265172 0.124991 -0.265172
0.265172 0.124991 -0.265172
0.14351 0.124991 -0.346463
0 0.124991 -0.375009
0 0.124991 -0.375009
-0.14351 0.124991 -0.346463
-0.265172 0.124991 -0.265172
-0.265172 0.124991 -0.265172
-0.346463 0.124991 -0.14351
-0.375009 0.124991 2.29627e-17
-0.375009 0.124991 2.29627e-17
-0.346463 0.124991 0.14351
-0.265172 0.124991 0.265172
-0.265172 0.124991 0.265172
-0.14351 0.124991 0.346463
0 0.124991 0.375009
0 0.124991 0.375009
0.14351 0.124991 0.346463
0.265172 0.124991 0.265172
0.265172 0.124991 0.265172
0.346463 0.124991 0.14351
0.375009 0.124991 2.29627e-17
0.375009 0.124991 2.29627e-17
0.346463 0.124991 -0.14351
0.265172 0.124991 -0.265172
0.265172 0.124991 -0.265172
0.14351 0.124991 -0.346463
0 0.124991 -0.375009
0 0.115476 -0.327178
-0.125205 0.115476 -0.302273
-0.231349 0.115476 -0.231349
-0.231349 0.115476 -0.231349
-0.302273 0.115476 -0.125205
-0.327178 0.115476 2.00338e-17
-0.327178 0.115476 2.00338e-17
-0.302273 0.115476 0.125205
-0.231349 0.115476 0.231349
-0.231349 0.115476 0.231349
-0.125205 0.115476 0.302273
0 0.115476 0.327178
0 0.115476 0.327178
0.125205 0.115476 0.302273
0.231349 0.115476 0.231349
0.231349 0.115476 0.231349
0.302273 0.115476 0.125205
0.327178 0.115476 2.00338e-17
0.327178 0.115476 2.00338e-17
0.302273 0.115476 -0.125205
0.231349 0.115476 -0.231349
0.231349 0.115476 -0.231349
0.125205 0.115476 -0.302273
0 0.115476 -0.327178
0 0.0883817 -0.286628
-0.109688 0.0883817 -0.264809
-0.202676 0.0883817 -0.202676
-0.202676 0.0883817 -0.202676
-0.264809 0.0883817 -0.109688
-0.286628 0.0883817 1.75509e-17
-0.286628 0.0883817 1.75509e-17
-0.264809 0.0883817 0.109688
-0.202676 0.0883817 0.202676
-0.202676 0.0883817 0.202676
-0.109688 0.0883817 0.264809
0 0.0883817 0.286628
0 0.0883817 0.286628
0.109688 0.0883817 0.264809
0.202676 0.0883817 0.202676
0.202676 0.0883817 0.202676
0.264809 0.0883817 0.109688
0.286628 0.0883817 1.75509e-17
0.286628 0.0883817 1.75509e-17
0.264809 0.0883817 -0.109688
0.202676 0.0883817 -0.202676
0.202676 0.0883817 -0.202676
0.109688 0.0883817 -0.264809
0 0.0883817 -0.286628
0 0.0478318 -0.259533
-0.099319 0.0478318 -0.239777
-0.183518 0.0478318 -0.183518
-0.183518 0.0478318 -0.183518
-0.239777 0.0478318 -0.099319
-0.259533 0.0478318 1.58918e-17
-0.259533 0.0478318 1.58918e-17
-0.239777 0.0478318 0.099319
-0.183518 0.0478318 0.183518
-0.183518 0.0478318 0.183518
-0.099319 0.0478318 0.239777
0 0.0478318 0.259533
0 0.0478318 0.259533
0.099319 0.0478318 0.239777
0.183518 0.0478318 0.183518
0.183518 0.0478318 0.183518
0.239777 0.0478318 0.099319
0.259533 0.0478318 1.58918e-17
0.259533 0.0478318 1.58918e-17
0.239777 0.0478318 -0.099319
0.183518 0.0478318 -0.183518
0.183518 0.0478318 -0.183518
0.099319 0.0478318 -0.239777
0 0.0478318 -0.259533
0 0 -0.250019
-0.095678 0 -0.230987
-0.17679 0 -0.17679
-0.17679 0 -0.17679
-0.230987 0 -0.095678
-0.250019 0 1.53092e-17
-0.250019 0 1.53092e-17
-0.230987 0 0.095678
-0.17679 0 0.17679
-0.17679 0 0.17679
-0.095678 0 0.230987
0 0 0.250019
0 0 0.250019
0.095678 0 0.230987
0.17679 0 0.17679
0.17679 0 0.17679
0.230987 0 0.095678
0.250019 0 1.53092e-17
0.250019 0 1.53092e-17
0.230987 0 -0.095678
0.17679 0 -0.17679
0.17679 0 -0.17679
0.095678 0 -0.230987
0 0 -0.250019
768
24 0
24 25
0 1
25 26
1 2
26 2
27 3
27 28
3 4
28 29
4 5
29 5
30 6
30 31
6 7
31 32
7 8
32 8
33 9
33 34
9 10
34 35
10 11
35 11
36 12
36 37
12 13
37 38
13 14
38 14
39 15
39 40
15 16
40 41
16 17
41 17
42 18
42 43
18 19
43 44
19 20
44 20
45 21
45 46
21 22
46 47
22 23
47 23
48 24
48 49
24 25
49 50
25 26
50 26
51 27
51 52
27 28
52 53
28 29
53 29
54 30
54 55
30 31
55 56
31 32
56 32
57 33
57 58
33 34
58 59
34 35
59 35
60 36
60 61
36 37
61 62
37 38
62 38
63 39
63 64
39 40
64 65
40 41
65 41
66 42
66 67
42 43
67 68
43 44
68 44
69 45
69 70
45 46
70 71
46 47
71 47
72 48
72 73
48 49
73 74
49 50
74 50
75 51
75 76
51 52
76 77
52 53
77 53
78 54
78 79
54 55
79 80
55 56
80 56
81 57
81 82
57 58
82 83
58 59
83 59
84 60
84 85
60 61
85 86
61 62
86 62
87 63
87 88
63 64
88 89
64 65
89 65
90 66
90 91
66 67
91 92
67 68
92 68
93 69
93 94
69 70
94 95
70 71
95 71
96 72
96 97
72 73
97 98
73 74
98 74
99 75
99 100
75 76
100 101
76 77
101 77
102 78
102 103
78 79
103 104
79 80
104 80
105 81
105 106
81 82
106 107
82 83
107 83
108 84
108 109
84 85
109 110
85 86
110 86
111 87
111 112
87 88
112 113
88 89
113 89
114 90
114 115
90 91
115 116
91 92
116 92
117 93
117 118
93 94
118 119
94 95
119 95
144 120
144 145
120 121
145 146
121 122
146 122
147 123
147 148
123 124
148 149
124 125
149 125
150 126
150 151
126 127
151 152
127 128
152 128
153 129
153 154
129 130
154 155
130 131
155 131
156 132
156 157
132 133
157 158
133 134
158 134
159 135
159 160
135 136
160 161
136 137
161 137
162 138
162 163
138 139
163 164
139 140
164 140
165 141
165 166
141 142
166 167
142 143
167 143
168 144
168 169
144 145
169 170
145 146
170 146
171 147
171 172
147 148
172 173
148 149
173 149
174 150
174 175
150 151
175 176
151 152
176 152
177 153
177 178
153 154
178 179
154 155
179 155
180 156
180 181
156 157
181 182
157 158
182 158
183 159
183 184
159 160
184 185
160 161
185 161
186 162
186 187
162 163
187 188
163 164
188 164
189 165
189 190
165 166
190 191
166 167
191 167
192 168
192 193
168 169
193 194
169 170
194 170
195 171
195 196
171 172
196 197
172 173
197 173
198 174
198 199
174 175
199 200
175 176
200 176
201 177
201 202
177 178
202 203
178 179
203 179
204 180
204 205
180 181
205 206
181 182
206 182
207 183
207 208
183 184
208 209
184 185
209 185
210 186
210 211
186 187
211 212
187 188
212 188
213 189
213 214
189 190
214 215
190 191
215 191
216 192
216 217
192 193
217 218
193 194
218 194
219 195
219 220
195 196
220 221
196 197
221 197
222 198
222 223
198 199
223 224
199 200
224 200
225 201
225 226
201 202
226 227
202 203
227 203
228 204
228 229
204 205
229 230
205 206
230 206
231 207
231 232
207 208
232 233
208 209
233 209
234 210
234 235
210 211
235 236
211 212
236 212
237 213
237 238
213 214
238 239
214 215
239 215
264 240
264 265
240 241
265 266
241 242
266 242
267 243
267 268
243 244
268 269
244 245
269 245
270 246
270 271
246 247
271 272
247 248
272 248
273 249
273 274
249 250
274 275
250 251
275 251
276 252
276 277
252 253
277 278
253 254
278 254
279 255
279 280
255 256
280 281
256 257
281 257
282 258
282 283
258 259
283 284
259 260
284 260
285 261
285 286
261 262
286 287
262 263
287 263
288 264
288 289
264 265
289 290
265 266
290 266
291 267
291 292
267 268
292 293
268 269
293 269
294 270
294 295
270 271
295 296
271 272
296 272
297 273
297 298
273 274
298 299
274 275
299 275
300 276
300 301
276 277
301 302
277 278
302 278
303 279
303 304
279 280
304 305
280 281
305 281
306 282
306 307
282 283
307 308
283 284
308 284
309 285
309 310
285 286
310 311
286 287
311 287
312 288
312 313
288 289
313 314
289 290
314 290
315 291
315 316
291 292
316 317
292 293
317 293
318 294
318 319
294 295
319 320
295 296
320 296
321 297
321 322
297 298
322 323
298 299
323 299
324 300
324 325
300 301
325 326
301 302
326 302
327 303
327 328
303 304
328 329
304 305
329 305
330 306
330 331
306 307
331 332
307 308
332 308
333 309
333 334
309 310
334 335
310 311
335 311
336 312
336 337
312 313
337 338
313 314
338 314
339 315
339 340
315 316
340 341
316 317
341 317
342 318
342 343
318 319
343 344
319 320
344 320
345 321
345 346
321 322
346 347
322 323
347 323
348 324
348 349
324 325
349 350
325 326
350 326
351 327
351 352
327 328
352 353
328 329
353 329
354 330
354 355
330 331
355 356
331 332
356 332
357 333
357 358
333 334
358 359
334 335
359 335
384 360
384 385
360 361
385 386
361 362
386 362
387 363
387 388
363 364
388 389
364 365
389 365
390 366
390 391
366 367
391 392
367 368
392 368
393 369
393 394
369 370
394 395
370 371
395 371
396 372
396 397
372 373
397 398
373 374
398 374
399 375
399 400
375 376
400 401
376 377
401 377
402 378
402 403
378 379
403 404
379 380
404 380
405 381
405 406
381 382
406 407
382 383
407 383
408 384
408 409
384 385
409 410
385 386
410 386
411 387
411 412
387 388
412 413
388 389
413 389
414 390
414 415
390 391
415 416
391 392
416 392
417 393
417 418
393 394
418 419
394 395
419 395
420 396
420 421
396 397
421 422
397 398
422 398
423 399
423 424
399 400
424 425
400 401
425 401
426 402
426 427
402 403
427 428
403 404
428 404
429 405
429 430
405 406
430 431
406 407
431 407
432 408
432 433
408 409
433 434
409 410
434 410
435 411
435 436
411 412
436 437
412 413
437 413
438 414
438 439
414 415
439 440
415 416
440 416
441 417
441 442
417 418
442 443
418 419
443 419
444 420
444 445
420 421
445 446
421 422
446 422
447 423
447 448
423 424
448 449
424 425
449 425
450 426
450 451
426 427
451 452
427 428
452 428
453 429
453 454
429 430
454 455
430 431
455 431
456 432
456 457
432 433
457 458
433 434
458 434
459 435
459 460
435 436
460 461
436 437
461 437
462 438
462 463
438 439
463 464
439 440
464 440
465 441
465 466
441 442
466 467
442 443
467 443
468 444
468 469
444 445
469 470
445 446
470 446
471 447
471 472
447 448
472 473
448 449
473 449
474 450
474 475
450 451
475 476
451 452
476 452
477 453
477 478
453 454
478 479
454 455
479 455
