49
0 0 0
0 1 0
0 2 0
0 3 0
0 4 0
0 5 0
0 6 0
1 0 0
1 1 0
1 2 0
1 3 0
1 4 0
1 5 0
1 6 0
2 0 0
2 1 0
2 2 0
2 3 0
2 4 0
2 5 0
2 6 0
3 0 0
3 1 0
3 2 0
3 3 0
3 4 0
3 5 0
3 6 0
4 0 0
4 1 0
4 2 0
4 3 0
4 4 0
4 5 0
4 6 0
5 0 0
5 1 0
5 2 0
5 3 0
5 4 0
5 5 0
5 6 0
6 0 0
6 1 0
6 2 0
6 3 0
6 4 0
6 5 0
6 6 0
216
1 7
7 0
0 1
8 7
7 1
1 8
2 8
8 1
1 2
9 8
8 2
2 9
3 9
9 2
2 3
10 9
9 3
3 10
4 10
10 3
3 4
11 10
10 4
4 11
5 11
11 4
4 5
12 11
11 5
5 12
6 12
12 5
5 6
13 12
12 6
6 13
8 14
14 7
7 8
15 14
14 8
8 15
9 15
15 8
8 9
16 15
15 9
9 16
10 16
16 9
9 10
17 16
16 10
10 17
11 17
17 10
10 11
18 17
17 11
11 18
12 18
18 11
11 12
19 18
18 12
12 19
13 19
19 12
12 13
20 19
19 13
13 20
15 21
21 14
14 15
22 21
21 15
15 22
16 22
22 15
15 16
23 22
22 16
16 23
17 23
23 16
16 17
24 23
23 17
17 24
18 24
24 17
17 18
25 24
24 18
18 25
19 25
25 18
18 19
26 25
25 19
19 26
20 26
26 19
19 20
27 26
26 20
20 27
22 28
28 21
21 22
29 28
28 22
22 29
23 29
29 22
22 23
30 29
29 23
23 30
24 30
30 23
23 24
31 30
30 24
24 31
25 31
31 24
24 25
32 31
31 25
25 32
26 32
32 25
25 26
33 32
32 26
26 33
27 33
33 26
26 27
34 33
33 27
27 34
29 35
35 28
28 29
36 35
35 29
29 36
30 36
36 29
29 30
37 36
36 30
30 37
31 37
37 30
30 31
38 37
37 31
31 38
32 38
38 31
31 32
39 38
38 32
32 39
33 39
39 32
32 33
40 39
39 33
33 40
34 40
40 33
33 34
41 40
40 34
34 41
36 42
42 35
35 36
43 42
42 36
36 43
37 43
43 36
36 37
44 43
43 37
37 44
38 44
44 37
37 38
45 44
44 38
38 45
39 45
45 38
38 39
46 45
45 39
39 46
40 46
46 39
39 40
47 46
46 40
40 47
41 47
47 40
40 41
48 47
47 41
41 48
