50
0 0 0.5
0 0 -0.5
0.216942 0 0.450484
0.390916 0 0.311745
0.487464 0 0.11126
0.487464 0 -0.11126
0.390916 0 -0.311745
0.216942 0 -0.450484
0.153401 0.153401 0.450484
0.276419 0.276419 0.311745
0.344689 0.344689 0.11126
0.344689 0.344689 -0.11126
0.276419 0.276419 -0.311745
0.153401 0.153401 -0.450484
1.32839e-17 0.216942 0.450484
2.39367e-17 0.390916 0.311745
2.98486e-17 0.487464 0.11126
2.98486e-17 0.487464 -0.11126
2.39367e-17 0.390916 -0.311745
1.32839e-17 0.216942 -0.450484
-0.153401 0.153401 0.450484
-0.276419 0.276419 0.311745
-0.344689 0.344689 0.11126
-0.344689 0.344689 -0.11126
-0.276419 0.276419 -0.311745
-0.153401 0.153401 -0.450484
-0.216942 2.65677e-17 0.450484
-0.390916 4.78734e-17 0.311745
-0.487464 5.96971e-17 0.11126
-0.487464 5.96971e-17 -0.11126
-0.390916 4.78734e-17 -0.311745
-0.216942 2.65677e-17 -0.450484
-0.153401 -0.153401 0.450484
-0.276419 -0.276419 0.311745
-0.344689 -0.344689 0.11126
-0.344689 -0.344689 -0.11126
-0.276419 -0.276419 -0.311745
-0.153401 -0.153401 -0.450484
-3.98516e-17 -0.216942 0.450484
-7.18101e-17 -0.390916 0.311745
-8.95457e-17 -0.487464 0.11126
-8.95457e-17 -0.487464 -0.11126
-7.18101e-17 -0.390916 -0.311745
-3.98516e-17 -0.216942 -0.450484
0.153401 -0.153401 0.450484
0.276419 -0.276419 0.311745
0.344689 -0.344689 0.11126
0.344689 -0.344689 -0.11126
0.276419 -0.276419 -0.311745
0.153401 -0.153401 -0.450484
288
2 8
8 0
0 2
8 14
14 0
0 8
14 20
20 0
0 14
20 26
26 0
0 20
26 32
32 0
0 26
32 38
38 0
0 32
38 44
44 0
0 38
44 2
2 0
0 44
7 1
1 13
13 7
13 1
1 19
19 13
19 1
1 25
25 19
25 1
1 31
31 25
31 1
1 37
37 31
37 1
1 43
43 37
43 1
1 49
49 43
49 1
1 7
7 49
2 3
3 9
9 2
2 9
9 8
8 2
3 4
4 10
10 3
3 10
10 9
9 3
4 5
5 11
11 4
4 11
11 10
10 4
5 6
6 12
12 5
5 12
12 11
11 5
6 7
7 13
13 6
6 13
13 12
12 6
8 9
9 15
15 8
8 15
15 14
14 8
9 10
10 16
16 9
9 16
16 15
15 9
10 11
11 17
17 10
10 17
17 16
16 10
11 12
12 18
18 11
11 18
18 17
17 11
12 13
13 19
19 12
12 19
19 18
18 12
14 15
15 21
21 14
14 21
21 20
20 14
15 16
16 22
22 15
15 22
22 21
21 15
16 17
17 23
23 16
16 23
23 22
22 16
17 18
18 24
24 17
17 24
24 23
23 17
18 19
19 25
25 18
18 25
25 24
24 18
20 21
21 27
27 20
20 27
27 26
26 20
21 22
22 28
28 21
21 28
28 27
27 21
22 23
23 29
29 22
22 29
29 28
28 22
23 24
24 30
30 23
23 30
30 29
29 23
24 25
25 31
31 24
24 31
31 30
30 24
26 27
27 33
33 26
26 33
33 32
32 26
27 28
28 34
34 27
27 34
34 33
33 27
28 29
29 35
35 28
28 35
35 34
34 28
29 30
30 36
36 29
29 36
36 35
35 29
30 31
31 37
37 30
30 37
37 36
36 30
32 33
33 39
39 32
32 39
39 38
38 32
33 34
34 40
40 33
33 40
40 39
39 33
34 35
35 41
41 34
34 41
41 40
40 34
35 36
36 42
42 35
35 42
42 41
41 35
36 37
37 43
43 36
36 43
43 42
42 36
38 39
39 45
45 38
38 45
45 44
44 38
39 40
40 46
46 39
39 46
46 45
45 39
40 41
41 47
47 40
40 47
47 46
46 40
41 42
42 48
48 41
41 48
48 47
47 41
42 43
43 49
49 42
42 49
49 48
48 42
44 45
45 3
3 44
44 3
3 2
2 44
45 46
46 4
4 45
45 4
4 3
3 45
46 47
47 5
5 46
46 5
5 4
4 46
47 48
48 6
6 47
47 6
6 5
5 47
48 49
49 7
7 48
48 7
7 6
6 48
