1000 1 1 1 1040295 1760517 174300
1400 1 1 1 2294803 1988968 122327
1800 1 1 1 2502849 3147763 168673
2200 1 1 1 3588679 4154079 177059
2600 1 1 1 5121939 5862864 194252
3000 1 1 1 6792153 7393279 228487
3400 1 1 1 8952484 10220064 305455
3800 1 1 1 10727962 12406368 314684
4200 1 1 1 13113034 14594523 359966
4600 1 1 1 15964295 18540824 379895
5000 1 1 1 18958949 20655305 386116
5400 1 1 1 21792753 22715286 456143
5800 1 1 1 26665475 28663718 497516
6200 1 1 1 29381552 32664687 513626
6600 1 1 1 37866250 37048207 580535
7000 1 1 1 43064862 40955092 590994
7400 1 1 1 48123667 46766686 628708
7800 1 1 1 47185920 50777028 690255
8200 1 1 1 59852379 56934135 665767
8600 1 1 1 56932468 63239259 756521
9000 1 1 1 65153869 70242467 867428
9400 1 1 1 76304905 73514070 853099
9800 1 1 1 84939811 80373507 874603
10200 1 1 1 81118151 82437359 945479
10600 1 1 1 89321755 93878174 951509
11000 1 1 1 107753407 96942730 973749
11400 1 1 1 114570036 108713808 1011909
11800 1 1 1 117888092 112168097 1093435
12200 1 1 1 122216878 126325913 1080606
12600 1 1 1 139288778 130842053 1135042
13000 1 1 1 136659804 135932023 1155188
13400 1 1 1 138927682 148301080 1204715
13800 1 1 1 148549054 156872991 1252675
14200 1 1 1 157724266 167961008 1281860
14600 1 1 1 166228090 175234731 1181724
15000 1 1 1 189135567 187105290 1359592
15400 1 1 1 180219597 196937031 1408537
15800 1 1 1 206604112 207702485 1419571
16200 1 1 1 208530506 216109912 1301403
16600 1 1 1 217933043 226215599 1506740
17000 1 1 1 221760527 239710310 1397486
17400 1 1 1 248584710 250409168 1442311
17800 1 1 1 244173895 260439504 1640540
18200 1 1 1 270140104 275727769 1634205
18600 1 1 1 305135996 271979854 1491510
19000 1 1 1 279502829 284745851 1565746
19400 1 1 1 310121907 309088333 1753805
19800 1 1 1 299775761 305212193 1618470
