1000 1 1 1 2055945 65250 114466
1400 1 1 1 3329315 70201 131810
1800 1 1 1 5313523 102269 172976
2200 1 1 1 6843514 129581 207478
2600 1 1 1 9345436 144323 248671
3000 1 1 1 12758019 187017 303232
3400 1 1 1 15626725 208533 342284
3800 1 1 1 19266252 223444 385675
4200 1 1 1 23569317 240860 476044
4600 1 1 1 27830953 276251 482619
5000 1 1 1 33168584 325032 541046
5400 1 1 1 38976186 324115 585680
5800 1 1 1 42591881 375669 624864
6200 1 1 1 54994499 369557 687729
6600 1 1 1 59348824 408493 710445
7000 1 1 1 70469268 466157 801898
7400 1 1 1 70919965 504193 817375
7800 1 1 1 80124976 481907 830751
8200 1 1 1 91007455 525045 905119
8600 1 1 1 103141454 599205 956961
9000 1 1 1 121049679 608075 1033360
9400 1 1 1 119496650 636490 1084857
9800 1 1 1 136497138 655346 1157863
10200 1 1 1 147857771 641899 1146531
10600 1 1 1 157095327 664302 1267037
11000 1 1 1 171558116 698410 1269612
11400 1 1 1 184515894 797311 1334755
11800 1 1 1 199995992 756206 1309201
12200 1 1 1 215417558 818965 1354869
12600 1 1 1 234697902 817275 1481845
13000 1 1 1 247015636 840705 1492187
13400 1 1 1 271949108 943727 1584961
13800 1 1 1 303348768 995898 1643329
14200 1 1 1 319146920 932405 1666546
14600 1 1 1 333478487 1040937 1662415
15000 1 1 1 352070321 1008761 1838961
15400 1 1 1 375998506 1042126 1844515
15800 1 1 1 394875232 1032632 1912007
16200 1 1 1 421127794 1143474 1944590
16600 1 1 1 446308572 1131891 2003290
17000 1 1 1 463461148 1134393 2078244
17400 1 1 1 495375247 1226810 2205905
17800 1 1 1 516466321 1197649 2230417
18200 1 1 1 559031871 1197510 2229971
18600 1 1 1 610959527 1300304 2273699
19000 1 1 1 599606128 1305129 2289593
19400 1 1 1 645037820 1304256 2387816
19800 1 1 1 689807169 1320108 2366637
