1000 1 1 1 2571674 1138258 167987
1400 1 1 1 6125827 1591486 155376
1800 1 1 1 5467327 1876073 172701
2200 1 1 1 6707941 2760648 197470
2600 1 1 1 9188248 3879828 213975
3000 1 1 1 11859699 5039967 251705
3400 1 1 1 15228763 6382403 283451
3800 1 1 1 19432628 8021034 335561
4200 1 1 1 23113659 9739831 375130
4600 1 1 1 27505112 12029355 414228
5000 1 1 1 33123378 13745426 430928
5400 1 1 1 37687916 15701473 470243
5800 1 1 1 43374165 18448728 517982
6200 1 1 1 50139366 21082603 540545
6600 1 1 1 56543530 23469105 614231
7000 1 1 1 66149094 27171448 664035
7400 1 1 1 71150260 30234594 695467
7800 1 1 1 80566137 34047562 734391
8200 1 1 1 87729672 38066218 813517
8600 1 1 1 96608098 40446054 808037
9000 1 1 1 105754610 46614603 849070
9400 1 1 1 121024805 49899714 935865
9800 1 1 1 126687893 53591177 929740
10200 1 1 1 137434142 57574469 940960
10600 1 1 1 146175920 62293936 991593
11000 1 1 1 171140123 66331853 1037886
11400 1 1 1 168246238 71774265 1079204
11800 1 1 1 182477566 78959116 1048219
12200 1 1 1 195929799 80871383 1186874
12600 1 1 1 206172556 87609548 1230453
13000 1 1 1 218592552 93393401 1231497
13400 1 1 1 232182452 98340551 1330613
13800 1 1 1 249449129 106721085 1464503
14200 1 1 1 260222011 110934837 1391593
14600 1 1 1 274211311 116408488 1404275
15000 1 1 1 288679264 123271730 1442225
15400 1 1 1 303779547 128897883 1479462
15800 1 1 1 317855227 137218405 1508228
16200 1 1 1 334545957 141884129 1638330
16600 1 1 1 352599495 150768277 1605442
17000 1 1 1 370819786 158835383 1650626
17400 1 1 1 389219554 164945703 1551009
17800 1 1 1 403440994 173688415 1733630
18200 1 1 1 432413081 180096536 1756740
18600 1 1 1 442050421 189289166 1792510
19000 1 1 1 469122118 196219108 1672787
19400 1 1 1 484879437 204855218 1792145
19800 1 1 1 502398996 212367932 1908167
