0 1 1 732 58
1 3 3 754 72
2 9 9 715 71
3 27 27 984 98
4 81 81 840 100
5 243 243 796 93
6 729 729 1027 136
7 2187 2187 965 123
8 6561 6561 1054 148
9 19683 19683 1068 143
10 59049 59049 1060 123
11 177147 177147 1042 136
12 531441 531441 1223 173
13 1.59432e+06 1.59432e+06 1238 184
14 4.78297e+06 4.78297e+06 1211 144
15 1.43489e+07 1.43489e+07 1087 134
16 4.30467e+07 4.30467e+07 1054 160
17 1.2914e+08 1.2914e+08 1055 167
18 3.8742e+08 3.8742e+08 1065 129
19 1.16226e+09 1.16226e+09 1063 183
20 3.48678e+09 3.48678e+09 971 149
21 1.04604e+10 1.04604e+10 961 163
22 3.13811e+10 3.13811e+10 946 139
23 9.41432e+10 9.41432e+10 915 137
24 2.8243e+11 2.8243e+11 930 134
25 8.47289e+11 8.47289e+11 855 127
26 2.54187e+12 2.54187e+12 943 139
27 7.6256e+12 7.6256e+12 919 185
28 2.28768e+13 2.28768e+13 916 130
29 6.86304e+13 6.86304e+13 854 130
30 2.05891e+14 2.05891e+14 948 147
31 6.17673e+14 6.17673e+14 951 160
32 1.85302e+15 1.85302e+15 950 141
33 5.55906e+15 5.55906e+15 882 143
34 1.66772e+16 1.66772e+16 901 134
35 5.00315e+16 5.00315e+16 924 186
36 1.50095e+17 1.50095e+17 992 179
37 4.50284e+17 4.50284e+17 950 148
38 1.35085e+18 1.35085e+18 917 155
39 4.05256e+18 4.05256e+18 919 155
40 1.21577e+19 1.21577e+19 977 178
41 3.6473e+19 3.6473e+19 896 140
42 1.09419e+20 1.09419e+20 945 158
43 3.28257e+20 3.28257e+20 912 166
44 9.84771e+20 9.84771e+20 915 166
45 2.95431e+21 2.95431e+21 958 165
46 8.86294e+21 8.86294e+21 924 186
47 2.65888e+22 2.65888e+22 934 174
48 7.97664e+22 7.97664e+22 916 188
49 2.39299e+23 2.39299e+23 976 190
50 7.17898e+23 7.17898e+23 967 176
51 2.15369e+24 2.15369e+24 952 190
52 6.46108e+24 6.46108e+24 938 176
53 1.93832e+25 1.93832e+25 1030 196
54 5.81497e+25 5.81497e+25 1008 190
55 1.74449e+26 1.74449e+26 936 209
56 5.23348e+26 5.23348e+26 1067 196
57 1.57004e+27 1.57004e+27 1053 203
58 4.71013e+27 4.71013e+27 1008 196
59 1.41304e+28 1.41304e+28 947 201
60 4.23912e+28 4.23912e+28 965 209
61 1.27173e+29 1.27173e+29 1036 216
62 3.8152e+29 3.8152e+29 1001 217
63 1.14456e+30 1.14456e+30 1007 241
64 3.43368e+30 3.43368e+30 986 213
65 1.03011e+31 1.03011e+31 1077 208
66 3.09032e+31 3.09032e+31 1116 232
67 9.27095e+31 9.27095e+31 1029 214
68 2.78128e+32 2.78128e+32 1039 217
69 8.34385e+32 8.34385e+32 1063 213
70 2.50316e+33 2.50316e+33 1085 252
71 7.50947e+33 7.50947e+33 1056 234
72 2.25284e+34 2.25284e+34 1082 225
73 6.75852e+34 6.75852e+34 1102 246
74 2.02756e+35 2.02756e+35 1101 251
75 6.08267e+35 6.08267e+35 1090 247
76 1.8248e+36 1.8248e+36 1053 236
77 5.4744e+36 5.4744e+36 1029 233
78 1.64232e+37 1.64232e+37 1115 263
79 4.92696e+37 4.92696e+37 1187 259
80 1.47809e+38 1.47809e+38 1057 242
81 4.43426e+38 4.43426e+38 1049 247
82 1.33028e+39 1.33028e+39 1095 247
83 3.99084e+39 3.99084e+39 1248 307
84 1.19725e+40 1.19725e+40 1153 262
85 3.59175e+40 3.59175e+40 1111 254
86 1.07753e+41 1.07753e+41 1083 253
87 3.23258e+41 3.23258e+41 1192 274
88 9.69774e+41 9.69774e+41 1170 280
89 2.90932e+42 2.90932e+42 1101 257
90 8.72796e+42 8.72796e+42 1133 263
91 2.61839e+43 2.61839e+43 1099 273
92 7.85517e+43 7.85517e+43 1339 320
93 2.35655e+44 2.35655e+44 1089 275
94 7.06965e+44 7.06965e+44 1132 271
95 2.1209e+45 2.1209e+45 1127 266
96 6.36269e+45 6.36269e+45 1254 298
97 1.90881e+46 1.90881e+46 1189 302
98 5.72642e+46 5.72642e+46 1127 278
99 1.71793e+47 1.71793e+47 1174 282
100 5.15378e+47 5.15378e+47 1124 287
101 1.54613e+48 1.54613e+48 1212 309
102 4.6384e+48 4.6384e+48 1138 280
103 1.39152e+49 1.39152e+49 1136 303
104 4.17456e+49 4.17456e+49 1152 300
105 1.25237e+50 1.25237e+50 1244 318
106 3.7571e+50 3.7571e+50 1149 298
107 1.12713e+51 1.12713e+51 1154 301
108 3.38139e+51 3.38139e+51 1230 298
109 1.01442e+52 1.01442e+52 1122 301
110 3.04325e+52 3.04325e+52 1257 327
111 9.12976e+52 9.12976e+52 1147 313
112 2.73893e+53 2.73893e+53 1165 303
113 8.21678e+53 8.21678e+53 1182 316
114 2.46503e+54 2.46503e+54 1272 328
115 7.3951e+54 7.3951e+54 1260 313
116 2.21853e+55 2.21853e+55 1204 334
117 6.65559e+55 6.65559e+55 1177 325
118 1.99668e+56 1.99668e+56 1187 336
119 5.99003e+56 5.99003e+56 1299 355
120 1.79701e+57 1.79701e+57 1235 332
121 5.39103e+57 5.39103e+57 1249 311
122 1.61731e+58 1.61731e+58 1190 311
123 4.85193e+58 4.85193e+58 1300 361
124 1.45558e+59 1.45558e+59 1212 334
125 4.36674e+59 4.36674e+59 1276 341
126 1.31002e+60 1.31002e+60 1235 335
127 3.93006e+60 3.93006e+60 1315 364
128 1.17902e+61 1.17902e+61 1288 345
129 3.53706e+61 3.53706e+61 1234 340
130 1.06112e+62 1.06112e+62 1242 344
131 3.18335e+62 3.18335e+62 1310 381
132 9.55005e+62 9.55005e+62 1278 383
133 2.86501e+63 2.86501e+63 1264 359
134 8.59504e+63 8.59504e+63 1295 360
135 2.57851e+64 2.57851e+64 1248 353
136 7.73554e+64 7.73554e+64 1369 403
137 2.32066e+65 2.32066e+65 1339 383
138 6.96199e+65 6.96199e+65 1235 399
139 2.0886e+66 2.0886e+66 1283 366
140 6.26579e+66 6.26579e+66 1380 416
141 1.87974e+67 1.87974e+67 1389 395
142 5.63921e+67 5.63921e+67 1295 365
143 1.69176e+68 1.69176e+68 1294 359
144 5.07529e+68 5.07529e+68 1279 388
145 1.52259e+69 1.52259e+69 1422 412
146 4.56776e+69 4.56776e+69 1439 410
147 1.37033e+70 1.37033e+70 1333 385
148 4.11098e+70 4.11098e+70 1363 375
149 1.23329e+71 1.23329e+71 1409 397
150 3.69988e+71 3.69988e+71 1443 422
151 1.10997e+72 1.10997e+72 1312 402
152 3.3299e+72 3.3299e+72 1351 393
153 9.98969e+72 9.98969e+72 1308 400
154 2.99691e+73 2.99691e+73 1475 428
155 8.99072e+73 8.99072e+73 1417 423
156 2.69722e+74 2.69722e+74 1333 421
157 8.09165e+74 8.09165e+74 1383 401
158 2.42749e+75 2.42749e+75 1395 411
159 7.28248e+75 7.28248e+75 1314 421
160 2.18475e+76 2.18475e+76 1366 413
161 6.55424e+76 6.55424e+76 1368 419
162 1.96627e+77 1.96627e+77 1382 422
163 5.89881e+77 5.89881e+77 1374 425
164 1.76964e+78 1.76964e+78 1421 431
165 5.30893e+78 5.30893e+78 2513 429
166 1.59268e+79 1.59268e+79 1389 430
167 4.77804e+79 4.77804e+79 1373 423
168 1.43341e+80 1.43341e+80 1357 433
169 4.30023e+80 4.30023e+80 1439 423
170 1.29007e+81 1.29007e+81 1368 445
171 3.87021e+81 3.87021e+81 1434 426
172 1.16106e+82 1.16106e+82 1380 451
173 3.48319e+82 3.48319e+82 1378 422
174 1.04496e+83 1.04496e+83 1456 469
175 3.13487e+83 3.13487e+83 2388 442
176 9.40461e+83 9.40461e+83 1423 466
177 2.82138e+84 2.82138e+84 1555 476
178 8.46415e+84 8.46415e+84 1628 515
179 2.53924e+85 2.53924e+85 1576 499
180 7.61773e+85 7.61773e+85 1625 504
181 2.28532e+86 2.28532e+86 1693 556
182 6.85596e+86 6.85596e+86 2386 466
183 2.05679e+87 2.05679e+87 1592 501
184 6.17037e+87 6.17037e+87 1666 551
185 1.85111e+88 1.85111e+88 1633 515
186 5.55333e+88 5.55333e+88 1516 486
187 1.666e+89 1.666e+89 1496 468
188 4.998e+89 4.998e+89 1548 511
189 1.4994e+90 1.4994e+90 2358 508
190 4.4982e+90 4.4982e+90 2193 497
191 1.34946e+91 1.34946e+91 1463 481
192 4.04838e+91 4.04838e+91 1477 473
193 1.21451e+92 1.21451e+92 1496 487
194 3.64354e+92 3.64354e+92 2268 475
195 1.09306e+93 1.09306e+93 1531 483
196 3.27919e+93 3.27919e+93 1873 495
197 9.83756e+93 9.83756e+93 1453 503
198 2.95127e+94 2.95127e+94 1513 500
199 8.8538e+94 8.8538e+94 1474 483
200 2.65614e+95 2.65614e+95 1478 492
201 7.96842e+95 7.96842e+95 1545 501
202 2.39053e+96 2.39053e+96 1496 501
203 7.17158e+96 7.17158e+96 1503 489
204 2.15147e+97 2.15147e+97 1669 546
205 6.45442e+97 6.45442e+97 1617 565
206 1.93633e+98 1.93633e+98 1666 544
207 5.80898e+98 5.80898e+98 1632 539
208 1.74269e+99 1.74269e+99 1684 535
209 5.22808e+99 5.22808e+99 1659 534
210 1.56842e+100 1.56842e+100 1758 589
211 4.70527e+100 4.70527e+100 2411 547
212 1.41158e+101 1.41158e+101 1610 526
213 4.23474e+101 4.23474e+101 2302 520
214 1.27042e+102 1.27042e+102 2347 528
215 3.81127e+102 3.81127e+102 1552 533
216 1.14338e+103 1.14338e+103 1600 534
217 3.43014e+103 3.43014e+103 1754 578
218 1.02904e+104 1.02904e+104 1573 547
219 3.08713e+104 3.08713e+104 1566 556
220 9.26139e+104 9.26139e+104 2337 538
221 2.77842e+105 2.77842e+105 2495 596
222 8.33525e+105 8.33525e+105 1613 533
223 2.50057e+106 2.50057e+106 1728 600
224 7.50172e+106 7.50172e+106 1601 569
225 2.25052e+107 2.25052e+107 2349 564
226 6.75155e+107 6.75155e+107 2339 564
227 2.02547e+108 2.02547e+108 2562 540
228 6.0764e+108 6.0764e+108 1741 578
229 1.82292e+109 1.82292e+109 2558 601
230 5.46876e+109 5.46876e+109 2516 580
231 1.64063e+110 1.64063e+110 1718 622
232 4.92188e+110 4.92188e+110 2532 619
233 1.47656e+111 1.47656e+111 2540 633
234 4.42969e+111 4.42969e+111 1749 614
235 1.32891e+112 1.32891e+112 1626 584
236 3.98672e+112 3.98672e+112 2727 563
237 1.19602e+113 1.19602e+113 1756 596
238 3.58805e+113 3.58805e+113 1731 619
239 1.07642e+114 1.07642e+114 2711 624
240 3.22925e+114 3.22925e+114 2628 632
241 9.68774e+114 9.68774e+114 2738 638
242 2.90632e+115 2.90632e+115 2584 609
243 8.71896e+115 8.71896e+115 1782 635
244 2.61569e+116 2.61569e+116 2458 568
245 7.84707e+116 7.84707e+116 3112 629
246 2.35412e+117 2.35412e+117 3363 633
247 7.06236e+117 7.06236e+117 2889 632
248 2.11871e+118 2.11871e+118 2935 582
249 6.35612e+118 6.35612e+118 2636 615
250 1.90684e+119 1.90684e+119 2601 628
251 5.72051e+119 5.72051e+119 2488 599
252 1.71615e+120 1.71615e+120 1748 638
253 5.14846e+120 5.14846e+120 1725 580
254 1.54454e+121 1.54454e+121 2456 637
255 4.63362e+121 4.63362e+121 2726 646
256 1.39008e+122 1.39008e+122 2409 628
257 4.17025e+122 4.17025e+122 2512 630
258 1.25108e+123 1.25108e+123 1719 638
259 3.75323e+123 3.75323e+123 2639 682
260 1.12597e+124 1.12597e+124 2759 690
261 3.37791e+124 3.37791e+124 2503 645
262 1.01337e+125 1.01337e+125 2464 645
263 3.04011e+125 3.04011e+125 2751 693
264 9.12034e+125 9.12034e+125 2754 669
265 2.7361e+126 2.7361e+126 1755 651
266 8.20831e+126 8.20831e+126 2611 617
267 2.46249e+127 2.46249e+127 1776 623
268 7.38748e+127 7.38748e+127 1882 675
269 2.21624e+128 2.21624e+128 2812 688
270 6.64873e+128 6.64873e+128 2581 645
271 1.99462e+129 1.99462e+129 2766 674
272 5.98386e+129 5.98386e+129 2757 686
273 1.79516e+130 1.79516e+130 2739 699
274 5.38547e+130 5.38547e+130 2547 646
275 1.61564e+131 1.61564e+131 2866 675
276 4.84693e+131 4.84693e+131 2644 671
277 1.45408e+132 1.45408e+132 2768 695
278 4.36223e+132 4.36223e+132 2520 653
279 1.30867e+133 1.30867e+133 2625 682
280 3.92601e+133 3.92601e+133 2592 659
281 1.1778e+134 1.1778e+134 2792 743
282 3.53341e+134 3.53341e+134 2781 740
283 1.06002e+135 1.06002e+135 2667 682
284 3.18007e+135 3.18007e+135 2734 684
285 9.5402e+135 9.5402e+135 2601 671
286 2.86206e+136 2.86206e+136 2868 715
287 8.58618e+136 8.58618e+136 2628 692
288 2.57585e+137 2.57585e+137 2740 702
289 7.72756e+137 7.72756e+137 2576 667
290 2.31827e+138 2.31827e+138 2758 729
291 6.95481e+138 6.95481e+138 2698 659
292 2.08644e+139 2.08644e+139 2780 674
293 6.25933e+139 6.25933e+139 2571 680
294 1.8778e+140 1.8778e+140 2716 687
295 5.63339e+140 5.63339e+140 2759 737
296 1.69002e+141 1.69002e+141 2563 690
297 5.07005e+141 5.07005e+141 2642 719
298 1.52102e+142 1.52102e+142 2672 696
299 4.56305e+142 4.56305e+142 2803 789
300 1.36891e+143 1.36891e+143 2736 803
301 4.10674e+143 4.10674e+143 2645 731
302 1.23202e+144 1.23202e+144 2712 720
303 3.69607e+144 3.69607e+144 3599 762
304 1.10882e+145 1.10882e+145 2810 751
305 3.32646e+145 3.32646e+145 2725 705
306 9.97939e+145 9.97939e+145 2663 738
307 2.99382e+146 2.99382e+146 2636 705
308 8.98145e+146 8.98145e+146 2929 794
309 2.69443e+147 2.69443e+147 2824 791
310 8.0833e+147 8.0833e+147 3362 725
311 2.42499e+148 2.42499e+148 3353 736
312 7.27497e+148 7.27497e+148 2863 822
313 2.18249e+149 2.18249e+149 2987 823
314 6.54748e+149 6.54748e+149 3407 730
315 1.96424e+150 1.96424e+150 3666 750
316 5.89273e+150 5.89273e+150 3425 764
317 1.76782e+151 1.76782e+151 2904 784
318 5.30346e+151 5.30346e+151 3397 729
319 1.59104e+152 1.59104e+152 3718 737
320 4.77311e+152 4.77311e+152 3556 781
321 1.43193e+153 1.43193e+153 3965 802
322 4.2958e+153 4.2958e+153 2941 844
323 1.28874e+154 1.28874e+154 3517 739
324 3.86622e+154 3.86622e+154 3457 740
325 1.15987e+155 1.15987e+155 2874 833
326 3.4796e+155 3.4796e+155 2937 831
327 1.04388e+156 1.04388e+156 3463 748
328 3.13164e+156 3.13164e+156 2704 780
329 9.39491e+156 9.39491e+156 3551 765
330 2.81847e+157 2.81847e+157 2956 804
331 8.45542e+157 8.45542e+157 3574 763
332 2.53663e+158 2.53663e+158 2990 777
333 7.60988e+158 7.60988e+158 2786 808
334 2.28296e+159 2.28296e+159 3827 869
335 6.84889e+159 6.84889e+159 2790 754
336 2.05467e+160 2.05467e+160 3662 812
337 6.164e+160 6.164e+160 3609 769
338 1.8492e+161 1.8492e+161 2972 816
339 5.5476e+161 5.5476e+161 2993 831
340 1.66428e+162 1.66428e+162 3580 817
341 4.99284e+162 4.99284e+162 3505 813
342 1.49785e+163 1.49785e+163 2857 849
343 4.49356e+163 4.49356e+163 3691 851
344 1.34807e+164 1.34807e+164 3735 887
345 4.0442e+164 4.0442e+164 3093 796
346 1.21326e+165 1.21326e+165 3677 819
347 3.63978e+165 3.63978e+165 3013 870
348 1.09193e+166 1.09193e+166 3923 850
349 3.2758e+166 3.2758e+166 3473 841
350 9.82741e+166 9.82741e+166 3103 811
